type=image label=3/0/0.png
-180.0 -79.1713
-135.0 -79.1713
-180.0 -85.0511
type=image label=3/1/0.png
-135.0 -79.1713
-90.0 -79.1713
-135.0 -85.0511
type=image label=3/2/0.png
-90.0 -79.1713
-45.0 -79.1713
-90.0 -85.0511
type=image label=3/3/0.png
-45.0 -79.1713
0.0 -79.1713
-45.0 -85.0511
type=image label=3/4/0.png
0.0 -79.1713
45.0 -79.1713
0.0 -85.0511
type=image label=3/5/0.png
45.0 -79.1713
90.0 -79.1713
45.0 -85.0511
type=image label=3/6/0.png
90.0 -79.1713
135.0 -79.1713
90.0 -85.0511
type=image label=3/7/0.png
135.0 -79.1713
180.0 -79.1713
135.0 -85.0511
type=image label=3/0/1.png
-180.0 -66.5133
-135.0 -66.5133
-180.0 -79.1713
type=image label=3/1/1.png
-135.0 -66.5133
-90.0 -66.5133
-135.0 -79.1713
type=image label=3/2/1.png
-90.0 -66.5133
-45.0 -66.5133
-90.0 -79.1713
type=image label=3/3/1.png
-45.0 -66.5133
0.0 -66.5133
-45.0 -79.1713
type=image label=3/4/1.png
0.0 -66.5133
45.0 -66.5133
0.0 -79.1713
type=image label=3/5/1.png
45.0 -66.5133
90.0 -66.5133
45.0 -79.1713
type=image label=3/6/1.png
90.0 -66.5133
135.0 -66.5133
90.0 -79.1713
type=image label=3/7/1.png
135.0 -66.5133
180.0 -66.5133
135.0 -79.1713
type=image label=3/0/2.png
-180.0 -40.9799
-135.0 -40.9799
-180.0 -66.5133
type=image label=3/1/2.png
-135.0 -40.9799
-90.0 -40.9799
-135.0 -66.5133
type=image label=3/2/2.png
-90.0 -40.9799
-45.0 -40.9799
-90.0 -66.5133
type=image label=3/3/2.png
-45.0 -40.9799
0.0 -40.9799
-45.0 -66.5133
type=image label=3/4/2.png
0.0 -40.9799
45.0 -40.9799
0.0 -66.5133
type=image label=3/5/2.png
45.0 -40.9799
90.0 -40.9799
45.0 -66.5133
type=image label=3/6/2.png
90.0 -40.9799
135.0 -40.9799
90.0 -66.5133
type=image label=3/7/2.png
135.0 -40.9799
180.0 -40.9799
135.0 -66.5133
type=image label=3/0/3.png
-180.0 0.0
-135.0 0.0
-180.0 -40.9799
type=image label=3/1/3.png
-135.0 0.0
-90.0 0.0
-135.0 -40.9799
type=image label=3/2/3.png
-90.0 0.0
-45.0 0.0
-90.0 -40.9799
type=image label=3/3/3.png
-45.0 0.0
0.0 0.0
-45.0 -40.9799
type=image label=3/4/3.png
0.0 0.0
45.0 0.0
0.0 -40.9799
type=image label=3/5/3.png
45.0 0.0
90.0 0.0
45.0 -40.9799
type=image label=3/6/3.png
90.0 0.0
135.0 0.0
90.0 -40.9799
type=image label=3/7/3.png
135.0 0.0
180.0 0.0
135.0 -40.9799
type=image label=3/0/4.png
-180.0 40.9799
-135.0 40.9799
-180.0 0.0
type=image label=3/1/4.png
-135.0 40.9799
-90.0 40.9799
-135.0 0.0
type=image label=3/2/4.png
-90.0 40.9799
-45.0 40.9799
-90.0 0.0
type=image label=3/3/4.png
-45.0 40.9799
0.0 40.9799
-45.0 0.0
type=image label=3/4/4.png
0.0 40.9799
45.0 40.9799
0.0 0.0
type=image label=3/5/4.png
45.0 40.9799
90.0 40.9799
45.0 0.0
type=image label=3/6/4.png
90.0 40.9799
135.0 40.9799
90.0 0.0
type=image label=3/7/4.png
135.0 40.9799
180.0 40.9799
135.0 0.0
type=image label=3/0/5.png
-180.0 66.5133
-135.0 66.5133
-180.0 40.9799
type=image label=3/1/5.png
-135.0 66.5133
-90.0 66.5133
-135.0 40.9799
type=image label=3/2/5.png
-90.0 66.5133
-45.0 66.5133
-90.0 40.9799
type=image label=3/3/5.png
-45.0 66.5133
0.0 66.5133
-45.0 40.9799
type=image label=3/4/5.png
0.0 66.5133
45.0 66.5133
0.0 40.9799
type=image label=3/5/5.png
45.0 66.5133
90.0 66.5133
45.0 40.9799
type=image label=3/6/5.png
90.0 66.5133
135.0 66.5133
90.0 40.9799
type=image label=3/7/5.png
135.0 66.5133
180.0 66.5133
135.0 40.9799
type=image label=3/0/6.png
-180.0 79.1713
-135.0 79.1713
-180.0 66.5133
type=image label=3/1/6.png
-135.0 79.1713
-90.0 79.1713
-135.0 66.5133
type=image label=3/2/6.png
-90.0 79.1713
-45.0 79.1713
-90.0 66.5133
type=image label=3/3/6.png
-45.0 79.1713
0.0 79.1713
-45.0 66.5133
type=image label=3/4/6.png
0.0 79.1713
45.0 79.1713
0.0 66.5133
type=image label=3/5/6.png
45.0 79.1713
90.0 79.1713
45.0 66.5133
type=image label=3/6/6.png
90.0 79.1713
135.0 79.1713
90.0 66.5133
type=image label=3/7/6.png
135.0 79.1713
180.0 79.1713
135.0 66.5133
type=image label=3/0/7.png
-180.0 85.0511
-135.0 85.0511
-180.0 79.1713
type=image label=3/1/7.png
-135.0 85.0511
-90.0 85.0511
-135.0 79.1713
type=image label=3/2/7.png
-90.0 85.0511
-45.0 85.0511
-90.0 79.1713
type=image label=3/3/7.png
-45.0 85.0511
0.0 85.0511
-45.0 79.1713
type=image label=3/4/7.png
0.0 85.0511
45.0 85.0511
0.0 79.1713
type=image label=3/5/7.png
45.0 85.0511
90.0 85.0511
45.0 79.1713
type=image label=3/6/7.png
90.0 85.0511
135.0 85.0511
90.0 79.1713
type=image label=3/7/7.png
135.0 85.0511
180.0 85.0511
135.0 79.1713

